114
112
110
108
112
116
113
106
100
92
94
96
100
110
120
339
332
306
277
200
160
140
130
120
115
110
108
106
105
557
1380
1150
853
595
409
316
272
240
600
1600
3610
2940
1560
1060
909
1230
891
670
492
422
368
325
286
264
253
1550
2220
1180
790
577
446
373
325
289
256
253
228
211
195
195
187
194
190
182
175
186
227
264
249
223
201
193
182
160
146
139
133
132
129
126
129
122
117
112
107
960
1930
1030
678
503
606
715
471
348
317
373
332
274
239
234
259
330
294
266
228
200
182
160
144
138
138
132
121
116
107
96
93
107
100
91
84
85
78
72
97
137
159
151
371
232
160
134
110
139
268
247
499
492
294
211
165
155
231
327
222
283
827
928
553
346
244
193
167
157
139
118
164
126
103
96
126
123
384
220
201
142
112
96
85
77
79
68
59
62
79
80
60
54
54
52
50
45
41
39
37
35
32
33
40
36
33
31
46
40
69
57
88
45
35
31
29
29
28
28
35
29
25
23
23
22
47
77
34
26
22
21
20
22
36
25
31
29
25
44
638
297
148
96
71
57
47
40
42
34
29
27
25
27
26
27
41
40
140
70
47
38
35
30
27
26
35
82
105
63
47
40
45
44
37
34
32
30
27
26
27
27
25
63
276
158
97
72
60
127
1350
1910
1480
1820
1650
2640
1640
1020
714
541
987
1320
1520
1840
1310
797
582
454
379
333
298
278
269
243
219
204
192
179
163
153
148
137
130
126
124
120
114
109
107
103
98
94
89
89
284
278
213
212
482
1650
1760
958
652
475
382
323
278
243
218
195
177
165
223
469
1380
851
1430
1900
1080
716
517
410
384
345
289
246
224
209
184
165
150
143
134
127
120
115
117
113
106
108
110
112
107
106
102
105
100
100
93
90
87
87
84
91
94
93
92
88
88
97
333
1310
2700
2400
1380
942
688
543
446
393
347
333
319
298
273
248
238
229
226
204
200
240
348
319
275
257
239
244
246
220
214
220
789
714
465
363
398
406
707
1590
928
650
521
443
386
340
301
284
273
252
236
215
206
202
209
207
220
250
352
1440
2060
1210
1010
1820
1290
868
674
543
574
1720
1430
904
740
1280
993
726
572
476
413
365
413
489
546
428
360
326
288
272
459
416
340
299
414
377
308
275
258
265
348
827
756
526
1640
2540
1500
923
666
555
493
395
332
289
255
231
211
195
251
213
184
199
196
173
155
139
149
208
192
215
172
146
129
119
110
103
96
95
106
88
82
87
80
73
81
91
76
70
68
327
218
143
108
91
82
80
77
67
60
57
54
51
66
96
70
58
53
49
48
47
46
46
44
83
53
48
46
43
40
40
60
93
107
137
82
60
52
48
42
40
40
38
36
34
34
31
31
33
43
50
42
43
39
67
63
46
40
74
66
49
43
39
34
33
32
31
28
27
26
27
27
27
26
24
23
25
23
22
23
23
21
25
23
24
30
51
80
43
33
30
27
27
50
53
35
31
30
27
27
28
43
30
29
30
28
28
27
26
25
23
26
25
25
28
55
46
34
33
30
27
30
47
36
31
32
45
40
36
33
31
30
34
47
40
37
36
80
130
77
58
48
45
45
39
38
41
45
43
90
81
61
53
50
47
43
40
41
43
42
41
39
38
38
35
34
34
33
33
33
33
34
33
33
34
36
64
150
148
97
71
59
68
56
52
45
42
45
233
248
151
109
96
79
73
62
67
73
93
84
77
68
60
57
54
52
50
50
52
50
45
42
40
38
39
37
38
40
42
41
45
52
61
277
170
160
120
90
68
61
58
53
50
46
44
40
43
44
45
44
45
52
60
52
48
46
43
42
42
41
41
41
62
88
85
100
693
507
369
305
1010
1490
923
709
584
488
402
410
707
520
368
294
267
298
252
222
1070
993
697
504
397
318
334
1600
1430
920
902
718
583
474
381
315
259
231
208
181
174
158
144
140
135
122
111
105
105
94
87
84
83
263
323
246
182
1190
1500
834
573
1460
2870
2730
1890
1490
938
917
796
585
456
369
318
273
233
201
175
154
134
120
110
102
92
111
114
99
99
95
89
81
77
73
70
64
64
167
324
264
195
143
164
265
199
154
108
85
69
61
52
46
44
41
38
35
32
29
25
29
153
99
275
441
713
528
307
201
138
101
81
70
58
48
41
34
458
572
765
468
267
171
171
1120
626
348
227
179
853
979
672
884
558
352
251
195
159
132
124
132
119
102
86
70
58
51
45
41
70
61
45
38
51
160
79
114
177
99
1370
2620
2220
1190
769
515
366
277
219
177
145
120
101
87
87
78
64
54
47
41
37
140
272
171
670
506
1340
1150
677
438
311
242
198
192
177
151
132
116
103
92
83
71
65
105
680
473
306
224
182
152
133
116
105
97
97
120
128
125
126
115
105
103
100
112
94
92
94
87
79
74
68
73
79
70
62
65
67
64
101
1130
896
518
348
264
544
624
374
298
309
451
373
428
316
246
207
199
241
236
208
214
575
1200
732
437
317
256
227
232
203
181
161
142
143
869
1880
1120
715
524
420
491
1070
754
543
479
486
487
542
414
362
322
291
255
228
226
222
211
193
175
169
165
144
131
123
117
114
112
111
110
110
110
110
110
109
109
108
108
108
107
106
106
104
102
98
94
91
89
86
85
83
82
84
85
118
668
519
743
621
485
666
674
748
757
970
1430
1020
794
1940
1880
1060
751
591
473
404
345
288
268
258
241
237
230
240
250
302
261
231
218
217
249
359
319
283
263
239
213
193
178
164
150
142
140
135
128
119
113
109
107
103
97
108
99
89
85
82
87
88
83
78
74
73
68
64
62
59
87
175
170
123
102
85
136
263
154
224
295
463
340
237
247
187
148
172
220
171
356
1400
837
1730
1000
598
409
307
234
316
2310
1870
929
586
413
313
253
212
183
169
325
797
2190
3510
2510
1950
1250
1000
759
557
429
353
306
264
229
207
187
166
153
142
131
121
112
104
139
144
127
177
155
117
102
106
141
104
87
79
70
253
262
203
151
119
751
1060
585
354
247
198
164
138
119
115
103
94
88
101
109
91
81
73
68
70
65
60
57
55
53
58
56
58
98
154
237
134
97
82
76
75
69
85
126
149
106
85
73
66
76
68
60
71
63
54
51
47
45
44
44
43
42
40
38
37
37
38
37
37
37
37
35
35
37
49
42
39
36
34
33
36
37
36
36
36
39
35
36
37
39
38
38
37
38
58
49
45
45
44
53
54
51
47
45
45
45
55
48
69
79
78
101
85
69
60
57
53
51
49
48
45
43
47
50
59
90
124
102
83
74
126
596
437
561
1390
874
532
806
826
520
380
306
278
841
2170
1330
821
732
595
439
346
285
247
223
202
184
165
150
138
132
128
123
120
116
113
110
107
337
527
486
926
1980
1640
1210
777
546
434
379
562
1950
3480
3800
2390
1390
967
700
500
340
270
230
220
200
190
180
170
160
155
150
144
140
133
131
129
126
130
243
1150
1310
847
593
467
652
1780
3030
2330
1970
1270
881
719
1220
1470
1030
844
657
502
419
375
394
353
301
280
319
580
833
812
487
339
291
267
236
211
200
200
208
214
298
688
505
401
358
330
314
364
353
322
290
261
258
243
232
217
200
191
181
175
168
158
150
143
136
132
124
120
114
112
112
112
114
121
121
192
195
196
187
205
178
161
149
138
129
122
115
108
106
109
107
105
99
93
96
86
162
149
129
116
106
125
240
181
147
137
121
109
100
95
91
88
83
79
77
73
74
72
68
71
66
63
61
59
65
79
120
126
88
74
64
61
57
54
53
51
46
44
42
39
50
43
42
39
38
34
31
29
32
34
30
28
28
25
23
24
25
31
28
115
199
99
153
90
99
163
108
65
56
65
545
555
303
187
132
101
85
72
63
58
53
47
43
45
43
40
40
61
70
56
48
43
40
37
35
34
31
31
30
29
28
28
25
24
40
39
32
28
25
22
20
20
22
22
22
22
21
20
21
22
22
71
44
32
29
28
27
27
57
47
38
120
78
54
70
63
47
38
34
35
32
32
29
29
29
28
33
33
34
33
31
28
30
31
32
29
29
32
32
35
33
32
31
33
33
31
32
39
50
40
36
35
34
49
45
42
39
37
37
35
34
62
459
242
115
72
54
46
40
36
35
28
27
30
95
254
198
117
88
68
60
54
52
50
50
48
46
45
43
41
39
39
39
38
38
37
37
36
36
36
40
68
221
499
608
1300
1010
777
733
567
916
740
523
388
297
245
212
185
192
220
289
1270
894
550
523
1120
753
729
780
765
522
408
342
283
247
227
660
1410
904
612
454
416
474
772
547
406
332
281
251
228
213
204
194
205
437
1680
1360
745
493
372
304
267
231
208
181
170
161
151
146
138
126
118
120
120
116
134
520
603
995
1720
2500
1180
729
535
422
353
303
266
237
215
199
187
175
165
168
168
159
160
181
185
531
476
332
262
241
213
183
169
159
160
156
154
154
145
215
202
178
153
142
134
126
121
121
126
117
111
105
110
152
178
204
167
142
128
114
104
103
97
732
1380
1330
1010
1260
1450
860
705
522
401
323
267
229
203
243
284
233
187
163
165
333
350
243
230
188
157
137
204
310
206
162
140
123
111
103
95
89
82
78
92
85
79
125
147
108
89
78
85
118
82
70
63
59
83
89
73
64
57
52
50
49
52
267
538
351
695
572
386
328
296
213
174
141
115
100
91
82
162
367
325
218
158
123
100
105
123
99
81
74
68
63
60
57
53
49
47
47
44
43
41
42
42
39
39
37
37
37
38
53
54
409
221
130
94
76
64
58
53
53
51
48
46
42
43
48
69
77
58
50
45
47
52
47
44
44
100
97
78
65
56
54
50
50
55
99
472
375
428
264
183
141
117
101
99
146
121
102
90
83
893
1480
785
492
339
262
219
189
164
150
232
877
620
393
298
238
199
171
153
142
136
156
277
246
205
318
492
327
260
224
628
1340
786
511
380
303
254
224
203
188
175
166
162
156
241
1730
2710
1360
803
553
425
357
294
257
231
216
262
978
688
474
363
304
273
249
227
253
973
1170
674
486
760
635
450
365
317
465
1710
1140
693
517
1300
1970
1210
904
696
521
426
390
1090
1090
2060
2620
1270
803
602
483
410
365
333
302
277
254
249
236
215
208
203
194
184
182
179
174
165
147
146
145
144
143
143
145
144
143
140
138
136
134
132
130
127
124
122
140
236
187
161
347
1460
1030
614
440
354
299
251
273
841
1300
880
688
697
1040
824
549
423
373
346
309
338
666
852
599
460
378
348
404
314
278
323
319
272
245
220
203
190
180
173
171
244
1130
709
468
393
378
316
279
249
221
204
189
183
174
539
2010
2480
1480
883
620
556
662
446
346
294
253
223
206
195
185
174
161
148
141
135
139
130
122
117
113
108
105
99
95
90
87
92
89
84
85
80
75
74
81
85
93
84
76
72
67
62
61
61
59
57
55
53
51
50
78
96
62
54
50
49
49
47
45
51
72
53
45
42
41
39
39
37
36
35
34
35
33
31
31
31
33
30
32
36
323
234
112
70
54
47
46
91
77
57
48
42
39
37
35
33
32
85
97
110
153
233
312
144
89
66
55
49
52
47
41
46
1070
3340
2680
1510
997
1080
841
584
434
338
268
217
178
152
132
117
106
96
108
114
104
99
108
97
84
77
71
65
63
62
59
57
55
52
49
49
53
55
53
51
48
45
46
53
52
53
48
47
47
46
46
45
44
44
43
43
45
47
53
65
110
82
61
54
64
74
61
55
67
68
61
62
60
57
54
53
52
53
53
51
52
51
50
52
72
94
86
76
77
71
75
74
74
143
1260
888
495
343
351
649
405
295
237
199
204
521
384
295
239
212
190
202
408
752
2560
2350
1260
822
627
504
422
374
335
308
344
1810
2470
1170
744
580
514
581
489
409
381
347
309
289
284
697
1360
2680
4720
3810
2140
1450
1060
856
727
610
546
485
421
400
355
324
289
256
239
220
207
199
273
961
605
386
330
299
278
2320
4800
5040
3340
1920
1340
999
806
676
564
490
437
628
2550
1540
903
611
498
409
356
332
322
298
276
266
264
257
1040
1940
998
650
512
417
355
338
382
628
740
732
677
553
463
632
1420
1330
797
653
653
600
536
492
482
1730
1560
1000
818
1660
1260
792
770
724
604
525
458
426
420
1460
1440
923
734
601
506
434
381
343
320
296
273
257
241
244
230
209
202
228
209
197
197
189
177
168
165
164
233
197
177
191
258
216
221
267
232
202
220
218
193
175
160
150
140
134
131
126
118
113
111
135
115
97
173
171
164
147
114
101
96
220
209
135
120
114
97
95
85
77
73
69
75
215
162
120
100
172
216
162
143
104
85
75
320
212
124
93
82
89
513
351
208
146
113
92
79
70
64
61
58
67
66
58
53
50
48
46
43
42
42
41
40
45
48
38
38
47
42
38
37
35
42
35
34
35
36
34
32
31
29
31
30
29
29
29
26
26
27
26
26
27
25
23
23
23
43
140
53
40
39
40
36
35
33
39
233
219
238
145
99
75
59
51
45
41
40
38
37
36
34
32
32
34
33
33
33
33
32
32
33
36
38
35
34
33
32
34
34
49
41
36
36
33
34
35
35
45
91
54
43
44
43
42
40
39
37
36
38
41
38
37
37
36
37
39
40
58
60
79
125
95
76
65
59
56
51
47
50
53
51
50
47
46
46
48
49
47
48
47
47
47
43
67
304
244
157
115
101
109
145
112
97
94
85
77
73
75
236
536
397
970
2730
2530
1350
903
627
486
377
319
265
225
213
177
170
153
137
128
120
113
106
105
99
95
94
91
88
91
92
90
87
85
83
82
80
78
77
79
80
75
71
65
65
143
766
858
721
1420
3260
2230
1200
828
604
469
437
538
370
296
253
218
193
189
198
709
891
537
355
279
236
212
202
206
1580
3940
3110
4680
5380
3670
2120
1450
1100
882
752
671
593
539
491
433
400
383
362
331
308
871
849
613
527
442
1290
1210
836
3000
3490
2050
1250
885
711
600
551
940
1600
995
708
583
517
1210
1340
969
713
592
505
443
397
378
370
390
574
466
383
334
299
279
269
260
250
238
218
200
197
505
434
1160
1180
657
445
331
269
226
199
177
183
162
810
741
429
295
234
205
337
374
264
213
175
151
139
129
117
355
977
551
373
286
232
201
177
385
673
470
317
245
198
170
150
130
117
105
102
95
92
85
81
79
78
71
66
64
63
134
138
86
73
65
61
86
72
58
55
55
56
63
54
65
62
49
46
54
49
44
42
41
45
48
47
46
45
46
45
43
44
43
42
41
40
40
111
711
534
358
266
194
149
116
93
80
77
85
90
72
61
56
53
51
49
46
41
50
123
112
78
61
53
46
43
42
41
39
38
41
38
48
46
46
43
40
38
37
36
36
37
37
87
96
71
57
51
49
47
95
339
215
146
113
93
88
88
84
77
69
67
66
63
313
906
568
350
251
218
202
186
660
540
345
268
212
176
150
134
126
114
104
98
98
95
91
85
85
84
86
112
121
117
107
102
97
106
129
156
156
136
152
158
143
489
470
294
217
176
154
407
621
407
291
239
295
333
274
216
190
175
161
148
141
134
129
514
1730
1020
625
443
338
298
255
215
193
179
166
154
147
141
137
134
130
126
122
115
118
127
138
147
143
138
130
126
125
607
1290
736
416
272
212
183
164
156
148
140
127
130
124
107
105
103
100
96
93
90
89
86
88
89
93
90
98
98
214
365
342
294
244
215
200
282
615
512
572
502
479
505
546
567
557
528
531
991
1620
926
618
465
374
319
271
251
235
222
203
205
306
256
256
392
331
279
245
211
184
166
165
170
188
1390
771
468
341
268
225
195
184
174
163
152
135
125
121
113
109
127
364
1520
1080
592
411
319
315
451
861
639
416
302
249
243
208
178
615
1440
1540
1030
673
464
353
468
457
333
538
3190
2800
1300
813
584
440
342
281
250
441
1830
1130
842
570
452
693
523
341
325
272
298
568
749
680
565
408
318
265
579
604
392
301
256
281
229
196
216
1030
742
456
320
239
195
166
147
134
121
114
170
144
118
107
100
95
91
88
81
76
82
76
72
68
65
88
91
75
65
63
84
64
61
61
56
64
72
84
65
56
51
48
50
48
65
59
53
49
47
45
43
41
40
46
45
39
38
38
36
36
35
32
32
33
31
53
62
41
36
33
31
30
29
30
30
33
30
29
29
29
37
32
28
27
28
28
28
27
26
26
27
38
36
31
28
30
33
30
31
30
29
28
29
27
28
28
29
30
31
34
32
32
33
32
32
30
32
30
31
35
44
35
33
33
33
34
34
34
36
37
36
33
32
35
35
37
36
36
37
35
36
50
43
37
35
33
35
108
85
157
213
119
76
61
81
97
72
58
52
47
44
43
42
41
40
41
90
85
76
64
58
52
48
44
41
39
39
40
37
35
33
32
31
31
33
44