143
134
127
120
115
117
113
106
108
110
112
107
106
102
105
100
100
93
90
87
87
84
91
94
93
92
88
88
97
333
1310
2700
2400
1380
942
688
543
446
393
347
333
319
298
273
248
238
229
226
204
200
240
348
319
275
257
239
244
246
220
214
220
789
714
465
363
398
406
707
1590
928
650
521
443
386
340
301
284
273
252
236
215
206
202
209
207
220
250
352
1440
2060
1210
1010
1820
1290
868
674
543
574
1720
1430
904
740
1280
993
726
572
476
413
365
413
489
546
428
360
326
288
272
459
416
340
299
414
377
308
275
258
265
348
827
756
526
1640
2540
1500
923
666
555
493
395
332
289
255
231
211
195
251
213
184
199
196
173
155
139
149
208
192
215
172
146
129
119
110
103
96
95
106
88
82
87
80
73
81
91
76
70
68
327
218
143
108
91
82
80
77
67
60
57
54
51
66
96
70
58
53
49
48
47
46
46
44
83
53
48
46
43
40
40
60
93
107
137
82
60
52
48
42
40
40
38
36
34
34
31
31
33
43
50
42
43
39
67
63
46
40
74
66
49
43
39
34
33
32
31
28
27
26
27
27
27
26
24
23
25
23
22
23
23
21
25
23
24
30
51
80
43
33
30
27
27
50
53
35
31
30
27
27
28
43
30
29
30
28
28
27
26
25
23
26
25
25
28
55
46
34
33
30
27
30
47
36
31
32
45
40
36
33
31
30
34
47
40
37
36
80
130
77
58
48
45
45
39
38
41
45
43
90
81
61
53
50
47
43
40
41
43
42
41
39
38
38
35
34
34
33
33
33
33
34
33
33
34
36
64
150
148
97
71
59
68
56
52
45
42
45
233